                                Gauss Elimination Method
 Enter Augmented Matrix
[1 -2 9 8;3 1 -1 3;2 8 1 -5]

c =

     1


c =

     3


i =

     2


j =

     1


k =

     1


a =

     1    -2     9     8
     0     1    -1     3
     2     8     1    -5


i =

     2


j =

     1


k =

     2


a =

     1    -2     9     8
     0     7    -1     3
     2     8     1    -5


i =

     2


j =

     1


k =

     3


a =

     1    -2     9     8
     0     7   -28     3
     2     8     1    -5


i =

     2


j =

     1


k =

     4


a =

     1    -2     9     8
     0     7   -28   -21
     2     8     1    -5


c =

     2


i =

     3


j =

     1


k =

     1


a =

     1    -2     9     8
     0     7   -28   -21
     0     8     1    -5


i =

     3


j =

     1


k =

     2


a =

     1    -2     9     8
     0     7   -28   -21
     0    12     1    -5


i =

     3


j =

     1


k =

     3


a =

     1    -2     9     8
     0     7   -28   -21
     0    12   -17    -5


i =

     3


j =

     1


k =

     4


a =

     1    -2     9     8
     0     7   -28   -21
     0    12   -17   -21


c =

   -0.2857


c =

     1


c =

    1.7143


i =

     3


j =

     2


k =

     1


a =

     1    -2     9     8
     0     7   -28   -21
     0    12   -17   -21


i =

     3


j =

     2


k =

     2


a =

     1    -2     9     8
     0     7   -28   -21
     0     0   -17   -21


i =

     3


j =

     2


k =

     3


a =

     1    -2     9     8
     0     7   -28   -21
     0     0    31   -21


i =

     3


j =

     2


k =

     4


a =

     1    -2     9     8
     0     7   -28   -21
     0     0    31    15


c =

    0.2903


c =

   -0.9032


c =

     1


a =

     1    -2     9     8
     0     7   -28   -21
     0     0    31    15


x =

     1    -2     9     8
     0     1    -1     3
     0     0     1    -5

>> 